[[[ 34  71 133]
  [ 35  72 134]
  [ 33  71 135]
  ...
  [ 70  94 122]
  [ 66  90 118]
  [ 64  88 116]]

 [[ 32  69 131]
  [ 33  70 132]
  [ 32  70 134]
  ...
  [ 70  94 122]
  [ 68  92 120]
  [ 67  91 119]]

 [[ 30  67 129]
  [ 31  68 130]
  [ 31  70 132]
  ...
  [ 71  95 123]
  [ 71  95 123]
  [ 71  95 123]]

 ...

 [[ 45  87 146]
  [ 45  87 146]
  [ 47  87 146]
  ...
  [ 88 129 168]
  [ 89 130 169]
  [ 90 131 170]]

 [[ 48  88 146]
  [ 47  87 145]
  [ 48  86 144]
  ...
  [ 88 129 168]
  [ 89 130 169]
  [ 90 131 170]]

 [[ 47  87 145]
  [ 46  86 144]
  [ 47  85 143]
  ...
  [ 88 129 168]
  [ 89 130 169]
  [ 90 131 170]]]
